V_0 N cellmass akimotoite (24.305+16.0*3+28.086)*2
586.01996000 8 200.782
V c11 c22 c33 c12 c13 c23 c44 c55 c66 c14 c15
617.47767000   399.200  399.200 307.200 124.300 52.900  52.900  88.350  88.350  137.45  -18.200  21.50
586.01996000   460.900  460.900 372.650 156.200 92.150  92.150  112.350 112.350 152.35  -16.150  27.95
561.64902000   516.000  516.000 425.550 188.600 130.650 130.650 132.925 132.925 163.7   -13.450  33.05
551.28015000   541.850  541.850 451.200 205.650 149.900 149.900 141.975 141.975 168.1   -12.150  35.25
541.75694000   566.550  566.550 471.250 221.550 168.050 168.050 150.500 150.500 172.5   -10.700  37.2
533.03739000   590.800  590.800 494.550 238.000 187.750 187.750 158.575 158.575 176.4    -9.500  38.9
524.96957000   613.850  613.850 516.150 254.400 205.450 205.450 166.200 166.200 179.725  -8.000  40.45
510.43595000   660.000  660.000 556.200 287.800 241.200 241.200 180.200 180.200 186.10   -5.400  43.40
 lattice_a lattice_b lattice_c lattice_d
   1.014113439015351   0.878861666717805   2.910090805459099  1   
   0.997970642016196   0.863676051980028   2.859808127713993  1
   0.984975448555089   0.851542103820276   2.819630143086552  1
   0.979315269383036   0.846275138660119   2.802190143265102  1
   0.974031506993453   0.841380026004682   2.785981424304098  1
   0.969147162540088   0.836848528195512   2.770976707364645  1
   0.964571166277343   0.832612143730836   2.756949171416421  1
   0.956208985290702   0.824871780183835   2.731319243602031  1
