V_0    N     cellmass   Mg2Ca2Si4O12
1454.2561   7   433.1008
V C11 C22 C33 C12 C13 C23 C44 C55 C66 C15 C25 C35 C46
1517.0736  203.15  159.8 209.9 68.8  58.2  46.8 70.2  61  71.55  12.34 7.11 44.2 6.64
1454.2561  238.8   190.7 244.4 91.7  81.1  68.4 79.8  72  86.15  8.65  1.35  34.8 3.8
1431.5931  251.7   201.7 257.7 101.5 88.95 76.5 82.1  75.1 90.48 6.35  0.15  32.55 -2.25
1400.2386  269.2   217.05 277.55 115.15  102.5  88.5  85.05  78.95  96.9  -1.34  5.4  29  -4.65
1355.0211  297.55  239   304.8  136.6  122.7  106.2  88.65  83.63  106.05  -1.8  3.5  24.8  -7.6
1318.6036  324.55  261  329.4  157.35  142.6  124.95  91.1  86.48  113.85  -1.23  2.34  21.87  -9.6
1290.9861  348.85  280.6  353.25  177.85  162.3  143.8  92.85  88.53  121.03  -0.48  1.6  19.3 -10.9
lattice_a lattice_b lattice_c
1.7876 1.6994 1.0001											
1.7654 1.6696 0.9851											
1.7582 1.659 0.98											
1.7481 1.6444 0.9732										
1.7338 1.6229 0.9634										
1.7214 1.6033 0.955										
1.7103 1.5854 0.9475										
