V_0 N cellmass mgsio3 (24.305+28.086+15.999*3)*8
2260.92 9 803.104
       V      c11      c22      c33    c44    c55    c66     c12     c13     c23
 2260.92   425.60   467.50   393.10  180.6  158.6  127.9   96.97  111.75  123.88
 2167.28   481.80   536.45   467.00  200.7  174.6  149.8  133.85  138.10  152.10
 2025.54   576.70   663.30   601.40  235.7  198.5  189.0  204.97  186.80  205.60
 1919.24   660.30   779.90   724.75  267.4  218.3  224.0  274.55  234.70  256.48
 1834.40   737.20   890.45   840.00  296.2  236.1  256.8  344.00  282.90  306.38
 1763.86   810.15   997.40   949.90  325.0  251.8  287.9  412.27  331.18  355.30
 1703.80   874.95  1100.35  1055.35  352.0  267.0  317.9  476.00  377.08  403.10
 1651.42   942.50  1201.45  1156.85  378.7  281.4  346.0  542.30  425.77  451.37
 1605.12  1004.00  1300.15  1256.10  405.2  295.4  373.4  604.93  472.78  498.68
lattice_a  lattice_b  lattice_c
      9.13034348       9.40014040      13.17147054
      8.99632922       9.28451576      12.97353956
      8.78030667       9.10318645      12.67096530
      8.60466609       8.96664832      12.43755200
      8.45544845       8.85681615      12.24756122
      8.32481032       8.76507767      12.08665018
      8.20724225       8.68782375      11.94754170
      8.10085861       8.62021506      11.82435733
      8.00189882       8.56158510      11.71465991